839176
0
6851
8849
13020
5092
8909
4827
9322
14275
7055
13223
7998
2778
13161
8363
4725
9173
15042
13182
5386
5469
10880
1789
2181
6779
3121
4274
2185
12745
6299
6292
11439
7809
7537
9080
8939
3764
6352
1852
11915
9258
5217
9708
6166
5659
14742
9376
2223
2220
12382
14461
14178
7404
14491
11785
488
7546
1101
932
4839
14012
3125
8250
9789
11670
13944
11791
2615
5472
13019
11964
2965
13194
5490
3984
6552
2562
3027
6711
51
6223
8418
4353
13136
1842
2678
5968
493
6222
4093
15111
54
1171
13168
5154
15070
14503
4981
13654
3742
10897
15104
11886
2214
9784
8799
11816
14303
9421
13198
12616
8864
8863
8865
9999
5352
11177
5862
4059
9899
9334
9480
8102
3256
13563
7705
8622
4826
14837
10350
7810
6343
11187
5158
8828
9390
1628
6504
14764
13166
6315
9456
7432
6225
10727
8964
10009
12986
11132
9396
3633
3612
5946
13056
2850
8977
7714
12108
10202
11122
9608
6988
6944
1705
8937
5623
9685
3109
422
8113
1120
2184
4241
14042
9540
4265
12671
8736
2515
2149
8252
6984
13052
2032
2144
13053
10199
11123
15074
13255
14982
8591
11479
436
116
4038
283
7400
3255
1406
13016
15064
2165
12309
7641
4689
5709
6980
7637
10660
10534
8936
7880
11
15073
2811
1436
10419
7643
8611
14249
8987
1397
1475
6542
4200
8154
14289
8118
2254
11826
1466
8453
2699
7231
2045
9045
14867
986
9524
8074
4818
5764
13142
3423
7229
3683
2107
9054
4331
2593
4520
4678
4162
3360
752
1895
622
3559
10514
9046
4476
3780
983
3297
3571
13296
5173
7595
4064
14985
14571
14489
9536
2961
8656
7599
14929
10379
4300
10438
5584
11858
4797
294
2771
14501
7910
9539
10457
13743
6305
5572
10114
11383
1656
3913
14741
3171
8801
3408
14829
2204
6916
2049
11900
14083
13074
5824
8114
14508
7223
9192
13377
9530
2347
15052
8958
4290
7451
8396
5018
5816
4244
12607
2635
13337
14189
8483
12379
14899
14255
515
8921
2145
13064
2723
10112
3579
7334
14043
7453
7644
14986
6822
4284
7924
9918
10392
10368
2207
8720
2016
4414
10667
15054
11731
12320
4291
1357
4264
13467
5656
2571
3939
3925
8653
11313
10989
2364
6547
4942
7101
12082
3958
4816
2768
10329
1483
11932
9897
9710
2989
4085
2870
13209
10452
10062
1384
11485
14423
5345
13362
3451
5753
2603
9722
12115
6646
8278
11201
14859
558
13361
8950
1639
8398
3489
13982
14090
6647
12328
12522
6127
7266
6543
6482
13270
10492
4425
12113
10143
6644
14569
10990
7205
3220
3718
3793
14450
8648
7684
13875
7023
441
11749
5777
13171
5700
13172
12263
11990
10810
10809
3905
13336
13542
8231
7697
10772
50
8841
586
12445
10755
7382
14301
3254
14722
8258
1711
5486
4929
11945
11730
418
13224
1026
13335
9727
301
13331
5163
14193
11879
11331
10851
13504
13863
10179
10367
11206
14499
12617
9661
715
7737
12904
11322
14295
11870
11418
495
11151
10773
10983
12027
2975
7667
3076
3429
909
8780
11979
2973
1338
12498
1395
120
15075
2055
6062
7833
11877
5162
7717
11606
6631
14522
2092
11347
2856
12763
7758
11969
4365
934
3642
7700
14276
6963
2799
7519
2400
8386
4169
10891
10932
14093
9844
2806
13850
9477
7414
2098
10843
3409
7408
5841
9732
5479
1103
7757
12568
7262
7892
9419
14856
7550
9242
7428
9364
7409
7440
8216
13181
1327
12218
3733
4754
3979
13940
6806
9262
4483
13320
5864
7632
2583
14221
10388
2862
10173
13522
1106
8399
12990
6507
11872
11218
6905
6868
11147
14148
7245
12854
9266
10338
8555
13005
8721
11916
3774
427
7699
11136
11923
7035
13508
13015
8575
8854
7412
7935
6692
11784
4266
9656
7240
7463
3778
1266
10463
12514
1321
1335
7745
6191
665
4052
12114
8957
12267
7709
11656
5379
8867
14180
12515
14950
3940
1291
14196
12610
8277
4421
10493
4950
11419
12593
13533
8020
7287
14629
8284
9171
5624
13300
6915
7267
8167
6473
13200
9129
5144
1244
4318
564
874
2892
5346
8619
4078
6051
4953
2202
10479
13750
11766
6650
3300
12524
9307
3167
11863
10185
10462
4301
9829
5620
4404
14192
6089
2890
6813
9277
5561
2914
10468
737
8675
1869
7446
8292
13579
12513
3250
1916
2687
6371
5493
11380
11208
12069
7522
9278
10067
10856
5417
5510
5118
10431
14100
3356
5651
13755
5153
13624
9202
10341
1151
12392
11867
6648
3183
9931
7627
9618
12672
9645
15035
3813
12321
13618
13381
10573
7454
4996
3161
14515
9771
520
14153
4717
5588
11211
5401
5492
5224
3585
10314
7286
7712
6641
14123
14469
10499
2847
14471
13509
5321
501
10327
13820
84
4159
8620
5886
14796
12577
14030
11713
7887
8456
4918
5059
6541
1714
862
7545
12778
3126
2833
1695
6668
4022
10784
10951
2848
13517
6197
2837
12598
7750
8559
14096
12479
11874
8274
10794
8286
5686
258
2019
7244
14187
7165
8282
13899
12751
14520
10495
5344
6214
3576
9203
3938
12334
11328
8651
8922
5564
9315
5722
12477
13511
6037
6310
12680
8466
10619
8513
10752
13160
13370
11632
2955
6492
552
8352
12755
11750
11476
5657
13787
3447
5562
11887
1183
8476
13832
7405
12689
11793
5637
1702
3252
12570
11792
10738
14422
10445
1651
1843
4382
1956
14168
5587
13617
5140
1404
3042
2209
9848
11933
4119
242
9312
3640
11847
13645
5653
238
1289
2983
4819
9809
8245
11832
2532
11233
7226
12102
2868
14400
2523
129
994
1081
13668
12559
277
11343
12694
13528
9797
12891
11882
3560
12273
5860
6811
1812
13374
13798
5589
3433
1730
8415
786
6124
653
7619
9781
8673
7288
3342
2053
2884
3578
8260
9675
13498
7508
5470
14003
9161
12653
7095
8142
12863
9233
1118
5745
1515
1157
4713
12792
14256
3341
5198
2836
5019
3757
14136
13122
3779
463
8527
12478
1838
13958
5681
4310
10935
14009
1974
3301
758
2036
4413
8949
8501
620
13879
5428
14428
450
2885
6105
13143
4809
1601
6189
5779
8299
11806
8410
11128
5930
14421
13233
6773
4693
5931
8471
13553
9736
6975
4388
1520
4269
8844
3454
9670
9380
9981
7472
6404
3533
8866
14039
5491
12190
5723
245
4709
11986
278
2195
10844
926
13386
13371
5736
7625
4366
3272
3176
2124
11911
4013
8976
4409
5499
5812
10243
3143
12062
4892
14041
12193
13390
3759
10270
9605
3268
3760
3867
9125
6147
8747
3028
6077
11374
10819
4962
11183
8831
13948
385
12938
1312
429
2697
8291
1485
14682
10043
3075
151
6660
11130
2945
13943
14570
9429
1973
7846
8691
886
6188
13582
5947
9482
13673
4766
6794
13417
2898
8287
13690
9259
1078
5995
759
9967
10083
2230
3826
13357
13465
9397
3988
10454
13740
1892
9917
8364
6607
8445
13038
13480
14427
6422
3607
5094
7603
6812
2601
4791
8874
6190
5861
4785
9745
5501
11999
6809
5487
12788
6979
14806
10283
2897
8873
11848
2102
14399
15051
7642
11714
14
2211
6234
10515
9039
14376
2117
11752
4433
8739
13170
3637
14387
11124
8495
10760
5788
2776
5559
1959
13129
8994
11154
4761
6258
6257
7280
9156
4329
7909
4434
10469
13054
2695
2692
5029
7593
7147
2182
6256
2718
10624
11802
4531
7314
4045
5023
12592
13226
10606
8661
7875
14179
10740
1740
6443
10305
11276
2751
11850
7657
13243
13349
8579
8632
4050
9436
11229
3597
14407
1666
4703
3770
1394
6056
14201
14922
14755
5593
6500
13184
11260
7032
12057
13306
11198
1630
12435
2200
5568
5481
5660
10389
1143
10866
4718
8109
2584
4253
8403
13068
8756
7920
11290
7137
8550
8914
10827
13359
14906
2732
10980
10538
512
10537
3424
8008
1092
10689
5570
2453
1761
9224
6353
4817
7893
1569
14923
9231
13183
10808
14610
4782
12627
8984
6512
12547
4088
14942
4444
7124
13155
13305
2440
14308
13116
9067
4446
14038
5821
4731
8928
12630
12443
10451
11102
2365
11756
2041
13000
10834
12831
8288
13463
7648
11937
3365
4360
10382
3700
748
4549
8681
2050
6875
567
11597
14723
8455
11363
1604
2673
7441
14430
7993
11316
10721
11251
554
10048
4767
929
11736
2411
7698
11702
13939
4510
11071
6417
6608
1239
3776
9372
9657
13308
3460
5909
14343
6645
10076
14025
14366
2152
4495
13256
10064
5507
4885
14195
13396
14858
14299
5432
12852
12162
3873
755
670
6815
4802
6831
13555
13268
1822
1323
5977
3659
14739
4708
13189
9452
5789
13131
4922
11131
962
15
169
2832
11701
4683
6768
5031
9550
14766
6778
12851
4726
12475
1061
4968
4252
12202
4884
592
11345
971
12748
699
510
5086
5465
14562
1216
7620
12665
1905
5504
11156
12758
11346
13454
4272
6526
11361
992
14403
4758
8793
5967
2302
9127
5165
12417
12855
4888
171
13329
235
14440
2123
1324
6038
11376
3061
6952
13017
12495
985
11327
12940
3094
4871
8342
5731
14718
392
6104
5166
9320
11397
10231
9572
5496
5544
6819
4806
14312
12701
12979
13575
14621
4987
3355
4895
9442
12814
14750
6928
11717
8744
7
11117
3763
14624
1662
5475
10121
14472
9284
3170
3267
10904
6002
8942
3789
14545
14591
5267
7919
12645
9268
10732
4899
330
4107
6752
4641
8408
2773
3644
430
10593
14205
14331
458
11620
11621
189
911
13304
4219
12869
6095
3715
14894
4028
5325
10421
13737
3047
14553
14738
1582
10026
11324
3436
3906
7904
10595
9854
12024
12652
11160
3223
9018
5719
7410
13966
13123
15067
991
7796
1620
4130
2598
3494
11892
14909
11520
14381
2642
9329
2668
8975
13920
9026
10227
7179
10361
14474
13293
4170
4281
12019
8724
4297
2163
10638
14175
4211
2179
10543
7733
10984
8414
3630
10591
7732
11708
3117
6823
10956
2134
10031
8565
14844
2775
2689
15079
4026
10375
7492
9497
14052
12101
13271
13264
4632
11480
2467
7918
1715
13935
4233
3947
8041
10532
2691
4191
10699
10500
10364
4338
13801
8473
4873
6935
14790
6971
4073
1208
7995
5852
4193
14777
8798
3438
15003
7968
5350
9485
2428
11700
8722
10302
14707
1936
15007
14921
13375
12663
3719
4393
12870
11077
7189
4143
10138
1059
9489
10792
8209
14853
14869
11978
4979
12832
5804
9182
6845
416
11570
5188
6238
7856
543
1124
4311
6754
4645
2993
13440
11705
11743
12716
6710
11628
697
10599
6345
13688
13728
12573
13412
5997
6213
6870
3881
1022
3330
14442
3187
14992
12172
1712
6250
12333
10180
2307
6912
14265
7301
9187
11217
7285
6227
12669
1808
13384
1035
10147
11401
4426
1720
14018
9877
14045
9499
1480
3951
7899
3380
12238
2604
14063
11021
5705
3304
5737
921
966
3000
6488
10659
3337
14067
4462
1432
3535
14429
13577
1951
11594
5044
9162
14053
5608
8517
11525
6267
8430
6721
2256
5848
5480
4636
11619
11348
6058
878
3136
249
6201
1688
3015
3281
13459
5037
10091
2780
2719
1583
2982
9861
14215
6749
2665
5786
9424
6176
30
4945
4558
13595
2834
804
8149
10176
10695
11941
2929
4611
14962
6740
4207
14323
785
10390
2316
7327
7645
13615
6439
9016
13921
8662
14966
7894
5676
1981
7825
14974
8782
4906
9628
5815
7691
1180
6324
8120
10572
1584
10417
2586
12839
2359
11289
9015
10979
4521
8382
12574
6245
6053
1625
1982
2789
15002
6843
8108
13173
10662
8852
12861
11362
2424
13700
14706
9985
6316
15077
4410
2017
11763
10358
7143
11753
12149
581
11865
13213
14212
4168
5828
7565
8718
15066
8982
7046
7145
14697
7842
700
10831
11608
12561
7513
982
11691
14889
10240
11249
5932
15068
11534
10690
10943
4171
4815
5292
11174
7908
14926
11062
5634
13262
13197
8247
10664
10973
8670
292
6290
14736
1380
13135
11515
15048
12543
10601
12164
12533
9490
5846
1650
10192
2605
2503
2607
7895
2024
8119
13898
3720
7133
7707
1161
4087
3625
4746
11356
4547
1659
7211
8815
14827
6863
621
8603
6888
11754
8545
8493
7031
5853
2378
5878
361
5054
12300
4939
13070
8785
7253
10050
12908
12028
1616
9983
10992
12370
7374
15069
10410
1690
7306
7883
1793
2597
12265
15078
7658
14784
10626
10378
15071
4228
12205
5808
8488
10391
7785
8933
7180
10512
7121
5831
1786
906
2379
6858
6924
14414
14462
4184
3673
10636
15110
7293
11751
3266
5961
6985
4891
11138
4757
6991
9043
8095
11161
9878
4749
14254
583
13253
12528
15049
15100
11180
4753
4533
10771
2609
3615
8600
7539
4246
7265
10656
11755
6705
11674
4696
14418
11411
15101
7873
1438
11205
3316
10398
8676
9900
951
13185
3791
4777
7777
5915
539
3180
8677
7639
1441
2013
11386
12604
8099
7845
14420
10340
13043
10118
1588
1156
6804
130
8988
6846
4795
4493
10436
10078
12686
5028
6707
3364
12807
13764
3902
4699
8255
5159
6891
10600
8259
4728
10183
487
4550
3122
4798
237
7045
4242
2966
14995
4257
3784
7431
305
2662
4208
7000
3978
12780
12219
7006
12529
14984
7490
5221
5916
10896
910
12137
13018
3251
3602
6947
304
8649
11091
5482
3257
7136
5706
13859
12676
5155
2213
10058
7197
9417
9730
7761
498
3889
14658
2131
9241
2054
9378
12816
7943
12117
1085
3247
10383
4848
10715
2218
9126
9847
13082
11113
1708
376
3249
6301
14506
2112
571
8281
13852
10567
9301
2871
10177
3417
13225
10366
3564
3565
10559
12808
9311
268
14086
11748
10315
6165
7703
13724
10353
8772
3313
13815
4011
13882
13154
3357
14106
8221
6998
11868
5650
3922
5006
12964
10444
340
13561
6115
1257
141
9235
2901
6959
494
13685
3667
8104
14291
10280
8940
12907
11838
3474
12106
240
12125
4941
4179
12999
13286
13118
9832
9422
2512
13147
14582
14097
11985
12580
13315
13871
716
8144
9106
7024
1014
13247
5139
7748
11775
9267
7890
13510
9729
3072
11436
13167
3845
10758
4176
2022
243
7378
5516
6781
2682
7996
2772
9135
14147
13175
14171
11842
5257
10099
11213
7594
1744
13378
10842
13120
12691
8025
10531
4727
11133
5669
7713
8919
12746
5850
4383
6412
13539
9841
1271
7541
6966
11126
7151
4408
12259
10700
11861
14292
1410
2602
9518
12451
9759
10587
14146
9270
7540
9984
4071
10248
726
6523
11939
15000
10157
8806
4289
14516
10915
234
7779
7768
3392
6890
2733
7819
8807
7047
9321
1716
12614
13353
7738
6050
7851
12260
6350
6776
4722
4914
232
11153
15025
4751
8586
13366
8003
7952
8161
10084
8148
4292
1881
2805
8339
11325
12958
15047
10762
4686
6770
13492
9655
4212
3966
13356
8546
11453
11675
122
1158
13845
1381
1512
11782
8715
10060
3019
13055
7843
12569
7072
5484
610
14184
13057
11391
9425
13249
5161
10833
4178
614
12383
5160
2215
71
1896
13923
7823
6949
4739
8995
5025
2714
10228
13250
4285
3036
7294
10749
12248
3353
13164
14380
2777
8421
10025
7911
4273
12812
4534
10524
4097
14374
8494
8980
3542
613
5196
13048
12484
668
497
10910
10702
6913
3930
9523
14526
11372
3393
5127
8217
4947
9952
3087
6797
4770
6921
3782
9991
12562
13717
6772
4692
7096
2074
14085
9060
2231
5287
6799
4772
14725
11482
7715
7782
10274
15062
8335
14405
3567
9828
2865
9465
13572
387
9441
9786
10101
7164
12950
14132
9689
13364
1033
7590
5551
562
11457
1328
12103
7078
5680
7663
211
11336
6586
2770
11849
6789
9299
8728
11169
2694
5327
1170
13458
14181
3354
7009
6655
2122
7443
2683
11810
13521
9768
11375
335
3977
13072
3293
5328
8585
13071
4748
13073
9013
5212
13328
11112
787
2489
1717
2968
12980
10923
4529
7735
6524
4249
569
1442
2177
10610
7725
13126
12460
5419
10170
4287
3959
4759
8956
12585
9476
4513
2621
13291
9290
14620
11835
5581
10901
6581
2315
12350
10337
9300
357
8311
3071
4019
4077
4411
3613
2197
14696
9946
8107
13006
3508
3735
13942
12993
3517
12123
11834
12189
13128
6701
8794
6351
11906
6341
11491
8368
7503
1498
13434
4369
8746
13358
15023
13251
1220
14655
4108
4723
2608
2241
5446
3926
11095
353
13925
3128
7228
13215
118
3233
6564
12156
12836
9541
11073
5253
179
4787
11811
11639
12436
1924
3359
4355
5369
9709
5238
5402
9964
3317
13416
6076
1596
11072
9780
11540
11065
1179
9801
4347
369
12342
8679
13607
8220
6879
984
5366
73
5463
12365
4773
5557
14424
11535
14209
955
14993
11318
3714
3677
6869
912
5273
11109
4475
1627
12619
13473
276
12988
1228
8427
10648
753
11042
4047
666
12649
9040
14046
13992
13130
13221
14345
1468
7447
2407
12386
8612
10790
11829
7388
14021
13610
12623
6119
2779
2323
14297
1000
5335
12879
464
11574
6747
5041
5147
14065
11148
5272
14047
5234
3903
3737
11623
2158
11880
4564
13033
14776
13489
1572
479
3575
4196
1847
2094
9191
7915
5790
6101
1090
4543
10363
10191
7571
14438
10505
4039
2161
2647
7914
13345
14896
4776
14823
6983
542
401
4677
8508
8133
10301
2900
14705
4535
2910
4306
6967
7906
1218
14726
6803
10418
538
117
12781
1634
11157
14968
8027
5858
7249
14839
2763
2623
8150
12013
10798
10133
13379
15012
6969
1915
2759
11349
4282
10957
10800
10802
9131
11765
14460
6273
6274
8902
7602
6826
10617
6737
3891
9152
10654
1908
7084
2268
8719
7900
9064
8076
7258
969
8038
4990
1571
1042
4823
4606
12304
12837
9609
10898
14646
10475
3377
6538
1058
12266
4303
12203
2187
6978
12310
1613
7889
8319
14282
11947
2304
3461
2510
11076
5177
9472
9340
11764
1619
9347
1909
8067
14641
3114
903
11815
6340
12186
9297
3475
1352
10362
4238
1392
4597
7139
2420
10293
13248
4327
2977
14279
4194
3993
2110
14519
7458
8569
14502
3686
12897
14915
11029
2575
9076
15083
3466
3611
4825
9211
6323
11239
2399
9394
280
8195
1359
12204
12329
7583
14901
1952
3370
8827
14002
4195
13302
10502
2815
10630
7572
10498
2667
14704
13367
3415
7048
524
10494
14698
850
2581
12867
11903
14511
6904
10530
11732
12422
13051
895
12641
7439
6860
8449
12946
4810
14092
14504
8657
485
11163
1440
10154
12564
3007
4368
10186
6276
10558
13138
8136
228
1645
4036
10416
334
248
13309
9032
2167
4688
12497
3858
14397
8004
13258
15027
2595
9033
3116
4801
15103
367
12142
6277
8823
14954
9884
788
13332
9348
6544
11513
11627
10797
1560
1563
2069
3492
3164
7600
8953
8566
10653
2104
2282
1830
7868
2445
191
740
12084
8088
3648
2548
10661
4332
9716
4470
9079
13314
11690
6272
4298
2360
11291
14322
8073
6583
4356
2081
10645
1768
5799
3580
10526
8725
9534
11760
2393
14891
6857
15053
13666
1971
10486
2594
8595
8666
1446
12648
4296
4853
5822
14024
12289
3476
12647
9048
1918
3885
811
2065
8726
7788
2290
7059
7138
7368
4956
12307
10222
13791
1624
13996
13677
3761
4271
6841
4112
11980
12804
11016
4698
12371
5825
9319
1933
14870
3895
1850
2426
7923
6418
4370
14277
2325
7070
2234
12803
7221
8211
10546
13824
3446
7680
1853
1154
6467
2349
5036
13029
7870
3534
12596
4672
7111
12465
916
13890
11416
4506
13657
12191
4149
4768
8515
859
6533
11195
12481
12050
5630
2659
8472
14971
4811
14760
9254
4449
6876
7854
780
2496
5351
14920
12094
1660
15081
7864
11012
6347
14918
13911
842
4877
3606
6486
9078
10655
11296
3692
13063
1557
6933
5539
2138
4394
11288
14882
2761
7309
778
11922
13339
1319
13930
6566
14493
11245
3898
13651
8945
14884
12236
821
3874
2739
10323
14973
11955
5914
10820
4451
792
6990
1675
972
4198
9535
5241
6247
13613
7257
12878
13986
4880
14783
12502
12002
6400
14850
11528
11529
274
12126
5631
6081
13931
2812
3282
754
11121
4457
12017
2572
5855
3884
6968
5917
1300
1963
8556
4147
1536
6766
5314
13162
6709
12023
398
15004
4320
514
13967
10426
4576
7690
9253
3841
8050
7049
11294
7131
1752
5749
7994
12208
11924
3416
7763
9240
11403
1167
3935
7990
14647
1685
14151
996
2221
7481
11864
3896
5713
7682
3066
10428
1130
7416
4931
2294
11414
5303
2610
9089
8187
4240
2244
8596
10535
4654
7112
4395
6464
8024
4599
13981
7270
10294
212
4237
4148
7710
9498
13124
14798
13653
6278
8043
3886
12916
2380
9204
4960
12622
9083
13267
8954
2255
2250
1500
5622
14332
9920
10658
11268
12953
12462
7337
1530
2663
2246
3401
3079
7397
5427
808
11878
1027
2151
13780
7251
8009
14878
8034
14786
8047
6231
2308
6468
5673
6334
13347
965
4299
12977
1138
13080
1341
4239
14970
12811
12192
1778
354
10040
13407
13918
4115
1223
10560
12346
4140
13597
7255
14410
12736
11521
2143
11028
10501
6957
6730
13695
10641
3538
6557
11571
1242
6505
8362
7655
10506
13295
4350
14799
12656
8440
1386
8212
7317
8999
2409
12933
10613
10487
1366
7135
2279
6463
3883
10786
14286
760
8678
15011
8810
5532
6460
14997
1858
1021
10318
6018
11495
8086
9071
10577
8219
7897
7316
13343
12659
11974
10528
4114
7263
8519
4657
6761
1900
1408
11940
2313
7018
13616
2388
4915
2606
11976
4261
13614
12029
7284
4655
6835
13672
4822
6802
7081
5949
13383
7837
13649
6519
1377
1317
5315
14538
8348
14890
14298
6202
1225
14674
547
4585
1075
2729
12143
15056
2713
3834
3537
14960
12100
2485
8105
6824
4813
2173
14876
14318
11225
8615
7333
13691
10507
1901
8454
6397
6606
14811
14965
8330
6208
3701
11860
8553
14246
7116
3651
12764
6211
10446
12912
8297
13085
12385
8496
10480
4397
4030
3421
11487
196
1172
6545
11227
5047
9492
1347
14845
4396
12326
14919
9194
12717
3802
4226
3805
6756
7085
8741
202
9515
14881
9292
4217
2072
7742
6466
14874
7391
10643
5526
14852
12830
10126
7773
7254
4620
6731
10974
14756
5372
4878
703
10801
10216
4565
13810
7185
2576
8516
6954
10019
3546
10104
1848
6249
6355
303
13658
4897
687
6251
8064
7798
981
8156
12625
2281
265
14605
382
5847
917
6248
769
11105
6123
2612
8444
13008
75
11240
8402
1581
6311
8051
9075
5117
2502
11622
9133
14663
8053
1419
2958
836
13203
6254
13026
14393
10007
11588
14751
2306
13631
4650
725
10594
4456
8239
10942
12945
12944
3680
10651
13970
14781
5390
5121
12473
13710
809
5743
11982
13403
6141
6268
935
4091
13432
11250
14589
13634
5542
2356
1129
11654
10039
8091
5271
12291
10926
13592
2438
3384
3243
13635
2199
7605
6953
6893
11996
2259
12434
9948
13779
4927
47
10103
3010
11769
3008
2536
349
6072
695
13719
2351
11247
2319
15017
5569
2318
470
4625
3141
9503
7182
4676
4545
7177
5549
5035
2916
14342
3335
4578
6744
10221
4974
10005
5975
14846
9330
5079
523
892
14805
3011
13477
14062
10046
160
8791
8230
904
12088
13823
826
1934
2925
217
344
6758
10924
13968
1605
12087
273
728
12935
10038
7450
2590
1178
14227
1221
3001
4629
2745
12207
9568
12943
2707
6883
15041
11351
13963
7694
1566
2099
13632
8214
1009
6275
10465
6261
12459
11473
8580
8581
1912
6867
5809
9146
6366
14581
14980
14305
6369
9150
7110
1066
147
11695
5414
6477
7855
12231
8955
8706
6153
1904
2253
5280
4528
1456
1875
11680
6262
4508
3477
2406
1311
10140
4896
14967
6094
10137
6518
1123
13447
2155
11092
1270
13009
11994
11703
8054
14557
14654
6032
961
2390
14198
6263
3523
13010
8599
7442
12597
1243
12761
5778
11966
924
14272
14242
10612
7588
678
12898
7951
11137
14681
10728
767
4416
8905
8320
1776
993
14873
13972
11219
15040
6458
6337
8903
4008
1755
11358
13674
1431
4186
12698
1932
14268
14771
4566
4401
14273
980
5818
13150
5834
10799
1998
11652
11220
360
14237
8158
13410
2033
11530
2210
2656
2164
12086
2554
10588
686
3738
12784
5193
13287
3068
11721
13738
2443
11396
9433
5226
6767
1272
6382
7128
5577
3550
1110
7162
11413
12178
2508
2996
8139
2522
3691
4025
1573
5803
9099
7848
13799
447
664
1065
8433
13861
14074
3309
8422
6530
10260
13731
12335
3278
14487
3976
2617
4800
5596
7666
4681
2913
7235
13770
6514
2535
12380
5384
5983
7662
5881
2618
1194
1970
12890
3005
2471
11723
14239
13316
3410
3617
1887
11698
11884
4695
14183
11093
12491
2178
9050
14496
4716
2303
2546
1063
5451
3482
5982
4364
13698
5464
10292
13589
9852
2693
2517
8310
13706
12942
10272
13493
5830
14257
2077
1080
1587
3960
11779
14463
10717
12504
6575
8805
7087
1734
10086
9879
3941
12588
14113
13558
2410
14468
11359
11265
4014
5382
14304
9447
12076
8663
8635
11822
8640
445
4858
2139
8540
13891
13892
11103
5495
12765
13808
8401
14027
12109
2883
3716
9901
6390
6391
3520
6852
2472
9037
1855
3157
348
4065
13013
13537
9835
6394
6392
457
9718
13506
5383
1147
12654
5473
5421
3024
856
12939
13515
9735
3022
3092
964
13590
7719
5418
13157
6871
4522
2962
10985
10273
7624
12871
900
11308
12398
4175
4173
8602
11192
5020
3386
12567
942
13765
6314
9115
11107
1188
10952
10589
14335
8461
5696
484
4705
4679
12972
612
5447
13281
2976
7829
11773
14369
4339
11069
12134
5376
10442
6346
7834
5367
3986
13707
5918
577
13479
14173
83
2156
2616
11170
11384
2912
12283
4824
175
3162
7558
8385
11134
8327
3043
12872
5595
2835
4035
10713
4084
74
7671
12952
14953
9711
3942
8208
6116
9767
1925
14825
4415
7460
9886
3950
10203
2620
6940
9795
2767
5515
3726
14505
1437
4691
4124
8674
8441
9696
12421
12110
155
885
6914
5957
8584
11338
2564
2048
2639
11238
14657
14404
13735
1104
6780
426
3388
10959
14149
1749
6506
5690
13512
7315
12139
10848
9731
11624
7992
6961
8273
4771
4412
3924
7872
10863
11846
7736
10298
3273
7536
5174
3305
9134
13112
12520
1882
7752
5183
9201
11669
12354
3745
11468
12724
4317
8328
6495
8548
2227
2357
9840
7753
13538
8544
2567
14677
14668
1160
11461
9849
13540
14934
3186
10903
9989
9409
3663
14989
3712
13278
5517
10399
7437
4779
11998
11972
13050
12308
5033
11465
8872
7578
10950
4018
11120
59
7820
1017
2153
13372
13075
8733
10982
4373
12741
2205
9371
4527
10930
11197
2860
3762
11934
15057
11458
5387
14866
13228
9570
7759
12794
2861
4820
9391
13531
4738
12331
10265
2026
8298
12969
1989
5759
105
12587
13196
8361
10703
9906
10441
3362
3983
9473
2556
12141
12301
4224
12008
3837
4494
12975
4057
2539
8560
9799
10508
14470
11390
18
2120
14459
6791
4756
11168
6160
8163
6706
125
8168
1884
1197
13152
2972
12467
9857
3705
12239
8272
9741
8312
9714
5405
483
3981
12474
11041
1199
11214
13042
14108
6090
629
467
1612
82
11274
10020
38
12185
11667
3132
3400
7807
8811
1886
13894
5726
5126
7236
6929
13041
4846
7509
4781
279
5388
5926
10927
13446
4496
5556
13840
5694
13619
8227
3248
13187
7626
1262
6432
4986
8275
3260
13338
3319
1282
12001
236
12591
3440
5186
7130
14311
9276
2984
3696
2166
2684
8689
11189
4742
6783
11389
7511
6849
3259
9742
3112
6817
4804
12961
9423
4775
11614
545
12797
6801
6452
6349
4752
5024
12272
8166
11152
11172
3213
8887
2466
4673
10890
4660
3522
8659
9640
11357
8853
2324
14169
4514
11047
12798
1204
4049
4668
5083
2974
4128
4928
8023
2487
9979
9509
2455
12286
5008
8750
15060
12439
9358
6764
9639
3324
12576
12060
1868
3182
6326
10150
13636
12974
14710
3198
12539
3830
12016
13482
6927
3766
2275
13437
14141
2654
5610
14611
2688
3017
3690
2558
8759
5677
5108
3207
2545
3320
6577
13800
3670
6102
12774
3914
128
11114
1285
6666
8789
8340
9932
3912
8944
881
9360
8716
12673
14797
12347
14700
4911
2888
3562
1574
7980
1084
127
3599
3911
1196
888
3910
324
3561
9636
4921
1083
4924
14371
887
8533
188
10045
8717
3557
8755
5771
9934
2551
7531
9819
4847
8497
10609
7555
1210
11412
6134
10075
1867
13766
8685
3026
6609
4250
2750
12615
14170
987
2310
6230
12692
1760
4340
9212
3190
3515
5685
13868
3618
14095
9035
3608
2366
3592
13767
582
5523
2242
1382
6787
9248
852
13214
3035
14031
298
1304
14154
7354
8355
8935
7812
11727
9218
1839
12167
3206
5291
2712
12031
5655
14140
1259
8708
11080
3812
7841
10836
3598
1745
10087
4669
5697
1758
8094
611
8568
3219
8802
4455
13828
17
4357
5326
5269
11912
9007
9005
5664
11315
2840
13837
9006
9275
11931
12302
5543
908
6685
342
11876
14114
8598
1960
3288
2288
5334
8521
7615
1139
5012
449
8162
4163
6300
8686
7161
1318
12468
11897
6786
14355
3961
3666
5194
7445
11142
3264
9109
5093
7813
11259
4831
1938
4167
10706
9997
5670
3932
6513
1618
1278
663
13784
640
1200
14455
3555
6308
518
3469
2030
8636
9804
12410
574
9728
12005
4051
2044
570
9613
608
10694
3363
12976
517
3070
9825
5088
3794
14023
14294
13818
12090
3038
10544
9765
1056
13520
7246
3331
11342
4027
10696
10854
4053
6807
6700
3046
13838
9116
14269
6659
4095
3916
1969
2198
12399
4321
13452
14101
6162
12258
8263
8262
11677
9791
3964
2872
10753
9649
10511
7882
11935
2006
13927
12661
3684
10246
12888
5649
241
2075
2936
5056
37
4486
5698
7977
13430
2238
4034
4944
2504
9309
2511
6163
680
6110
8271
2002
3857
9947
12747
3234
8266
12951
7422
855
8878
13646
2011
11814
13768
8843
10434
766
1281
9695
13663
10741
14908
6943
14156
2943
5537
9738
2089
338
14521
8264
9216
13288
9756
9664
8269
2042
11527
6894
5250
13158
2674
3622
8068
13729
9575
12463
2430
12105
12973
8285
11083
4889
10977
13186
5627
6451
3378
4288
6461
4002
9142
11054
4406
14007
11039
14509
1293
11531
11909
9676
12476
9576
10044
12795
8447
9818
13490
5575
5890
11167
11511
637
5832
9414
2021
12840
8884
11456
5416
927
1064
9574
12169
8424
13573
4072
3221
8448
3531
5225
1280
3616
5598
2963
4061
10443
2857
2986
7241
10225
3819
2547
5754
9620
6023
2012
3051
5215
5214
602
8017
9175
12119
6900
9648
6658
9367
1701
4466
10082
12026
9237
3758
1558
9178
6269
4125
4001
5021
3603
3604
2037
8875
14378
7341
2159
8225
14131
3785
12639
7971
14377
5565
4117
3483
2068
10912
7734
6063
7498
4830
8817
4000
5937
341
6653
12582
9305
377
6695
11257
187
12079
7560
5448
4467
3664
5993
4712
651
13999
7552
11801
9214
6367
3547
11813
12683
7866
3989
323
4308
5741
11497
7523
13831
14079
11317
9221
14478
5307
5354
3600
10151
7960
10778
9308
11321
11140
13562
12713
431
5230
1054
4423
11209
12128
7005
13425
11032
6934
2540
847
8803
13471
3456
12021
9343
2882
10837
3563
9344
3709
634
9638
11266
3739
604
9831
12690
3291
12074
12960
7783
5758
6528
662
6958
7167
4158
13847
11854
14129
9097
14075
13567
4417
13878
11895
1655
12457
7706
2969
4477
12409
5444
8642
1287
12348
588
356
12658
1691
618
1206
2344
4146
7961
1203
5773
535
14388
7339
6036
7462
7830
10407
8896
11125
2079
14128
14134
14115
7926
8480
1134
13683
11433
1671
6024
9077
9748
7962
5009
11725
2029
8814
1039
154
2634
3044
10785
1093
9681
8626
3235
5489
6974
11306
9464
9826
1145
10404
7972
6065
1011
3970
2425
2698
9845
12135
12959
8616
2486
8967
5721
15024
14225
9674
9383
13530
12602
2337
5958
3832
2129
6006
14133
2619
11676
7534
4937
1733
12743
2191
11659
744
7444
239
5363
5069
4260
9051
3211
9551
4139
4743
5320
11434
1411
8797
773
12636
14628
12364
2849
8732
13655
9577
9694
3080
12315
7187
8238
8235
8300
3672
5511
11379
4225
12285
10607
5370
9444
3385
14091
7260
428
3669
14693
2743
7828
7896
3199
9529
178
3943
4969
9525
478
8011
8175
7278
7806
12866
469
5579
7175
4111
12441
8198
2978
6182
6080
12675
5381
1814
12215
11305
3351
3814
5084
10471
1729
5601
9679
551
2070
5573
9894
9406
1260
9715
14701
1276
14392
14283
5190
3596
7063
3277
8404
14998
9988
9740
10872
3532
2979
11332
2020
10239
3366
9306
1727
11353
13834
5227
9373
2336
2953
1528
7295
6022
7213
9815
9457
1957
9723
2641
12249
9468
10746
12903
3568
174
11143
12668
10557
2808
5142
13551
9403
10747
2497
5112
14733
11354
9671
1112
13802
14578
5702
14211
14412
8482
5204
8900
8321
8812
1585
4100
8562
256
5380
6576
5404
13936
4106
12042
9041
1128
9834
6140
5333
8711
3473
12214
3927
3057
8749
2460
6508
3074
11281
8992
8707
9271
7406
3729
2416
8341
3155
11514
12674
1754
14528
9526
13817
14931
9323
9440
3445
12793
9527
5751
9785
5373
10464
12603
5460
5043
108
2749
12799
960
7426
11314
1646
6338
4982
6920
14532
1127
14340
14585
3999
12184
13870
10944
14356
3118
9779
8467
9273
6007
6169
13839
3062
2690
8745
13913
1113
14932
12707
14306
2744
9678
6059
9384
3129
7811
5920
2525
513
4875
1275
14015
11928
2867
6847
6494
1205
472
12212
9752
12408
8232
2957
9368
6516
9650
14614
3994
5022
5628
6471
11440
3169
9893
8970
1874
5919
10972
5299
2514
7557
9833
9467
10916
10852
10165
489
7792
9537
14391
2258
10476
8130
6409
6573
6431
13585
691
1268
6064
2636
7631
9555
10262
8850
9462
12075
3147
5064
7091
9339
8490
4343
1159
8790
1794
7921
150
9680
7596
9386
6903
2465
14590
14763
845
6580
8858
13557
6387
11566
976
14167
13598
9474
13554
6907
7340
11014
1763
12517
10035
3497
1542
13853
1652
2240
880
3790
8577
9516
3395
587
6540
2342
439
6339
9196
3049
5613
12394
5720
5603
6403
181
8989
12314
14630
1697
2358
14659
12646
4764
6793
13134
11408
8416
362
5125
10940
8450
9332
14197
11492
10324
7123
7191
9341
14016
4172
14071
3854
9382
9853
9483
13872
4255
2003
1803
11007
5095
7721
351
9859
7978
11378
6556
14219
10414
3023
8499
3877
4105
8894
8986
10304
8703
1802
3590
2797
1617
6356
3861
14983
5073
3369
2798
13556
5218
8323
6361
6106
14627
7369
4482
2157
3407
4090
14117
13560
6842
1162
1738
2648
2908
9017
11544
139
10561
1983
9029
8520
1767
3081
939
1865
3271
13601
6881
6357
1249
1766
10433
13318
8822
8800
2007
8137
8093
7784
7342
15018
7040
13457
11307
6480
12530
5191
275
8561
10832
1201
3786
8962
9942
12395
7238
6522
7237
9181
9411
6877
5969
7497
5888
4231
1667
5220
7860
8172
7512
11050
12684
6697
7780
1001
8712
10770
13796
11889
408
8934
319
10349
1030
1921
1866
14408
2296
9375
9842
2632
14150
1578
10971
7877
12886
14230
14087
1492
8574
11552
11551
6499
11601
7984
9402
13313
9707
9666
8222
2458
11005
3217
1728
10219
550
3086
12247
2346
2629
12882
2889
11942
5459
13909
12470
11556
8202
1668
12545
2031
13833
11809
1537
9817
12635
9874
2783
9703
9400
9588
13273
6011
631
229
3450
5687
6378
9702
8891
14603
9401
3798
3652
9098
13749
4970
10348
693
10249
1198
14210
15063
12557
11554
14759
13906
3908
412
14240
3222
9846
11543
4024
14835
11438
6493
11127
6137
4923
3953
5319
5730
7958
14592
6136
3427
12145
14001
12287
10071
10070
6496
5665
12966
3367
3601
7106
11452
11330
3394
6283
1599
9454
3572
9279
9812
10849
7016
12129
3283
14122
8138
10693
12750
7380
9644
8624
7477
1819
7353
4511
1473
12693
5433
10608
13809
6013
11685
3338
5169
13153
11451
10684
244
899
3225
13470
10736
9363
11555
4151
2368
6689
5935
5497
1871
5237
4855
7553
14479
9927
9063
5646
9837
5981
3133
14207
453
14761
9838
5360
7959
5823
3025
10920
5285
12216
10867
10734
13100
1308
2631
9630
10907
882
4135
43
2212
8377
9870
1718
2422
10754
8428
2097
11855
10874
3501
11724
12420
870
2481
12601
10707
13857
13485
9739
9420
186
9744
3915
5057
7693
10813
19
7538
719
6693
6060
12144
7928
6427
8511
7476
13505
12359
5952
10089
12360
9773
8633
2462
705
11840
883
5339
6688
9704
5431
1863
5007
4505
9405
1721
9713
14402
12486
1986
1513
10997
14165
4286
7527
9469
1928
13797
5661
5960
5684
6784
6168
7936
10769
5003
297
14832
949
11166
6425
6882
13237
8541
9635
9355
12112
706
7564
12448
9451
2527
12449
12155
9720
5222
7844
5263
2529
6627
8174
11173
9982
952
10764
14793
2461
11236
11799
3944
3998
8465
11573
13204
5903
11066
13544
5358
10787
14836
954
1873
8331
5184
1331
5548
8784
4487
12299
7793
8641
314
3591
12499
10870
8714
2666
967
1192
13176
9545
6384
14445
7010
4037
6520
11199
8753
14118
8128
5667
373
1082
6374
3208
9677
7881
6423
5701
13441
6986
4920
11585
7019
1007
8213
10969
394
2555
8883
1538
6690
1833
14206
10879
9617
8551
2738
9533
7818
540
5500
12338
405
7421
7468
5236
14078
13734
11035
953
3349
7056
13188
8462
8359
10978
6678
14224
26
13692
8943
5514
10604
14552
7054
14454
857
8859
6525
1610
943
9031
7068
9056
11576
5734
2326
3937
6497
5735
13451
5979
1008
11914
13586
8796
13469
486
144
11853
4122
13789
14773
3499
2386
12735
12706
3095
11611
13418
4123
12881
12883
6132
14577
8125
565
5942
9445
9790
8818
2498
13917
7524
9758
9432
4136
10344
4481
14537
3569
2474
864
6610
13442
3224
7934
6612
7157
3191
1995
10877
1765
14945
13083
11661
13884
10125
10241
12628
13269
4384
1098
8758
7976
7021
4352
2008
13625
8856
7794
8244
1654
6572
14615
8610
10300
9257
6993
6884
13177
2439
3194
11777
10385
8406
7975
11101
3467
13180
5468
7988
3437
10003
11119
8787
13873
7034
4951
12464
5691
3628
10194
10373
9968
5644
11938
5910
1529
5268
11734
6529
13883
8205
5435
11902
10153
7357
743
14969
13664
6173
9865
11893
14550
6420
14035
533
11467
3512
9975
13058
13088
9653
7471
14022
7026
14214
8510
6686
13282
3697
6479
12994
8537
8509
893
10825
2531
11471
8959
11833
7569
3205
6112
8478
11729
10085
11568
8960
9824
13178
8301
1699
2823
2568
254
3783
7181
5519
7402
12268
126
7022
2970
7300
1336
2401
9642
6972
13137
11450
10268
10869
2893
1115
3581
8539
11444
861
10840
7173
9547
11084
11856
3077
4319
9697
5205
12180
7640
14551
9399
3065
9374
9659
12482
3632
11210
8141
5553
12366
6694
6550
1823
11660
5375
443
14084
5996
12787
7201
8713
9850
5509
9479
4021
13620
5443
13742
6079
5640
3514
1116
1023
5359
1669
12400
5688
8370
8313
14120
8760
9631
12425
8378
8500
7449
490
10811
14604
14598
6161
3928
158
12507
407
8879
12503
2271
4938
11352
5133
11394
616
1756
7434
7501
2706
11405
13867
13830
13984
12154
14566
4910
4551
4007
5980
466
9864
3907
3968
11395
1247
14119
8890
9637
9356
391
6143
5301
13775
3127
13919
1922
8170
5682
1292
4134
11410
3556
10756
6536
7142
5203
3216
9428
6085
576
12284
6388
9426
3530
3957
5902
5964
6186
5654
5310
5884
8757
2414
10704
6061
2087
6179
12856
9769
9712
14535
5965
4879
10342
7861
6567
5668
3495
10970
6642
1907
444
14567
13648
11557
9863
6469
1816
13484
3276
10921
7871
2335
7701
603
573
12414
6942
2354
9672
11633
636
4430
2412
10774
8360
226
6373
1010
6674
7817
85
5724
12363
6156
2796
12045
5143
14587
3792
2981
14309
9939
6021
396
378
8899
5756
2705
13341
2301
12303
1412
1565
1531
3985
10435
837
14626
11139
10875
7617
42
5940
6385
5813
6549
12531
5264
6569
1742
13771
11006
605
6965
1532
146
1575
9408
14327
1840
6029
3643
6562
9546
13650
15086
8365
6379
11780
5374
9073
1329
3286
3488
6320
12037
4256
7884
1256
839
9652
5609
1091
6561
13926
5798
1076
6681
5642
1144
2588
2748
9673
11129
2644
10196
4056
6375
2824
12176
1937
13904
3545
14144
11255
4109
11946
2534
9413
9726
14593
5361
9520
7487
3487
10372
5132
7486
2243
3009
8337
7791
8489
10313
8207
7532
14036
7350
8343
9764
9435
7098
13550
5309
332
10330
15098
7618
6035
6447
5449
11678
11149
13860
6555
3997
13420
58
2345
12324
10483
2328
2267
2274
10906
6172
9969
6309
3145
6587
442
7747
3373
12874
8332
10540
10320
14033
9990
8069
6614
13445
6568
4744
5266
4966
4755
14609
8904
1343
1891
9725
527
11310
9992
5058
11672
6563
12586
2251
10988
9141
9974
6790
12657
14453
13450
9549
9061
9810
9453
13896
14088
11507
8426
2441
8389
1146
8206
10124
2894
1791
11634
8405
2341
13429
1342
12054
3040
12118
9717
4447
12509
1250
399
9508
4144
1813
1057
2747
11508
12243
3285
11118
5560
946
3574
8990
2500
5306
2589
5265
14958
9987
10484
526
5994
2252
13344
12936
11647
11182
4344
6040
8535
688
4131
10295
2785
10289
12521
5457
936
7376
8931
4760
6440
11759
8608
6066
14665
310
10333
10002
6719
13351
5296
1939
1694
11920
9274
2062
8048
13004
4101
6133
3336
11264
2444
13133
5616
2457
8178
3969
10716
5645
1165
1131
8991
1052
4405
8491
5955
8778
14631
12305
153
11100
1980
1831
10
27
8371
2280
3097
9548
4129
5010
11387
11235
1049
5331
5953
2490
1263
7646
3675
5450
9943
1832
11953
13869
8963
4150
10830
8336
9972
11640
11873
6363
12756
8296
6798
1383
3621
8022
8215
311
6122
2909
7329
5270
13669
5410
7510
5438
995
7987
3021
1186
1961
7358
182
12209
1191
10286
7559
1807
8687
8522
2917
3284
7395
2742
9101
3623
9925
8846
8169
11944
9379
674
6433
9345
266
1818
5101
9830
5574
2521
8705
1968
4662
8978
13310
8946
1414
3909
5164
7933
13414
11605
9913
6590
11768
659
13049
5838
4
6025
14452
14143
1398
12225
14166
12122
5415
6931
6531
11885
14800
6246
1463
2285
15087
9220
5478
10900
4519
9554
13781
14155
7991
10215
13340
7033
14223
6083
6082
8369
3328
9814
9455
8524
6144
2587
14782
184
6470
9471
10550
6171
8469
8606
10677
3031
4127
3274
3484
1514
1224
7183
5939
9624
3200
5063
12791
14382
10182
5895
11642
1148
9973
8855
9839
865
6039
14098
312
2881
8486
9836
9470
1222
14446
5082
14686
1672
3452
13578
3519
9437
12412
9393
9684
8938
8965
1114
7062
9180
11710
1073
2059
1783
1993
9487
5671
8532
6041
7343
3954
858
11309
4009
331
13897
6976
1279
1309
11111
8972
1193
7803
2952
11778
12234
12235
8177
8176
7307
3340
14543
9994
7308
12257
12700
11567
14961
13564
2402
8897
7028
1277
5520
12262
1992
745
9034
9210
9519
5312
3549
10549
4342
12275
1647
14612
8096
5148
12323
11269
3307
12298
5531
7614
10873
2880
12133
14956
978
5168
1923
8860
7496
632
3374
12985
14124
3232
8506
2802
7126
9346
5332
6028
7457
6139
133
6319
9481
3108
1041
896
11256
10565
2685
8751
7423
7613
2060
9871
1046
7727
6923
11202
7953
12349
11547
13363
5422
3052
14561
11443
9614
14431
4912
1053
10864
2774
9970
14243
7129
5594
9070
12352
8813
1615
6643
1149
183
4832
5453
12055
9381
2229
14160
6618
1455
13488
5128
5005
628
4793
5717
7563
9528
9589
12705
12711
11709
13912
5748
8629
14637
1314
3588
1258
8786
5119
9388
3695
3765
6498
10625
13733
8882
11689
12708
5151
8358
9921
7716
9361
9641
3347
5004
3059
5512
1234
11510
14231
4867
4138
8543
11304
12704
5934
10816
2764
1726
7770
1991
9272
14540
5014
2528
3302
2524
3269
563
11823
3314
8512
1141
9971
2483
7030
13702
13846
2906
677
3773
13763
3472
4869
2905
863
3820
7949
12431
6503
9514
9513
12638
3821
13630
6476
76
4964
11655
9354
3163
8979
13405
8380
7749
5055
1809
156
851
5210
11287
10757
2874
10620
157
12077
5936
8192
8452
12510
8788
149
11303
879
11263
3728
11697
6602
8485
13211
2611
3638
13855
4913
12138
12687
624
11420
3346
3032
10271
2201
13444
8583
7551
1290
1062
2838
8997
5060
5583
3442
13951
8309
6386
8122
7677
11184
11975
1264
13141
13415
3973
6027
877
3006
2237
10911
6362
337
11460
12454
6788
6584
9269
6821
6657
5235
8637
11231
7305
9807
1750
10899
3945
8993
11960
5585
6370
437
11967
11094
13727
8693
172
14996
13697
9001
6462
12666
124
4177
7504
6785
12537
4741
2887
14634
2078
9438
9774
10691
3345
4940
8376
6828
5795
13254
13210
13023
13145
7086
9461
12406
7771
4367
4399
8627
12905
4068
9324
11505
6088
4675
5394
5546
6667
7674
3503
471
10352
14280
9172
763
12978
225
8941
11637
1673
5067
6599
8420
8236
14622
6009
10644
12148
3192
4089
14861
10931
14288
12450
4958
5597
3246
8538
14821
5318
13621
10737
2813
9303
6333
8388
14527
13244
13671
8690
7038
6313
4499
13232
7863
6008
3241
14064
12078
9410
1837
9074
14017
5356
13854
12271
3871
3956
13419
5538
185
720
14833
2
12813
3310
11203
12393
8754
11003
8374
9281
8808
10092
3181
7852
7248
8052
5518
13835
4971
2317
1435
8373
10768
326
7239
3693
7417
14190
1543
7418
11630
4730
12779
9044
814
10590
6833
7913
11200
10467
3725
8830
1310
4489
8910
11718
10647
12433
656
3120
7178
9491
7073
10782
4294
11837
1642
4325
6733
11075
10551
2298
11836
6582
14898
10110
13769
6723
4560
11020
1020
7801
8974
8248
14300
14872
14925
1681
1770
3119
10518
1914
3425
13448
8302
11595
3406
9085
10461
1044
12618
2278
3426
11991
13965
10174
10220
10102
4834
1471
13218
6597
1032
2451
6950
10169
12264
10975
13319
3358
9105
2991
13612
12096
4812
10523
